2
34 34
-0.687212 -0.793613 0.083333 0.500000 1.000000
-0.787229 -0.658934 0.108586 0.500000 1.000000
-0.848873 -0.546455 0.133838 0.500000 1.000000
-0.881706 -0.457958 0.159091 0.500000 1.000000
-0.892482 -0.391197 0.184343 0.500000 1.000000
-0.885603 -0.342793 0.209596 0.500000 1.000000
-0.863833 -0.309402 0.234848 0.500000 1.000000
-0.828877 -0.288069 0.260101 0.500000 1.000000
-0.781796 -0.276264 0.285354 0.500000 1.000000
-0.723299 -0.271820 0.310606 0.500000 1.000000
-0.653950 -0.272843 0.335859 0.500000 1.000000
-0.574336 -0.277657 0.361111 0.500000 1.000000
-0.485198 -0.284759 0.386364 0.500000 1.000000
-0.387525 -0.292815 0.411616 0.500000 1.000000
-0.282609 -0.300656 0.436869 0.500000 1.000000
-0.172067 -0.307272 0.462121 0.500000 1.000000
-0.057827 -0.311818 0.487374 0.500000 1.000000
0.057908 -0.313646 0.512626 0.500000 1.000000
0.172747 -0.312437 0.537879 0.500000 1.000000
0.284279 -0.308344 0.563131 0.500000 1.000000
0.390289 -0.302038 0.588384 0.500000 1.000000
0.488922 -0.294621 0.613636 0.500000 1.000000
0.578754 -0.287485 0.638889 0.500000 1.000000
0.658758 -0.282202 0.664141 0.500000 1.000000
0.728211 -0.280458 0.689394 0.500000 1.000000
0.786573 -0.284063 0.714646 0.500000 1.000000
0.833330 -0.294989 0.739899 0.500000 1.000000
0.867825 -0.315453 0.765152 0.500000 1.000000
0.889041 -0.348005 0.790404 0.500000 1.000000
0.895312 -0.395609 0.815657 0.500000 1.000000
0.883911 -0.461605 0.840909 0.500000 1.000000
0.850473 -0.549368 0.866162 0.500000 1.000000
0.788276 -0.661141 0.891414 0.500000 1.000000
0.687802 -0.795152 0.916667 0.500000 1.000000
-0.657483 -0.821385 0.083333 0.492424 1.000000
-0.757770 -0.693146 0.108586 0.492424 1.000000
-0.820976 -0.583898 0.133838 0.492424 1.000000
-0.855693 -0.496446 0.159091 0.492424 1.000000
-0.868283 -0.429419 0.184343 0.492424 1.000000
-0.863039 -0.380022 0.209596 0.492424 1.000000
-0.842738 -0.345260 0.234848 0.492424 1.000000
-0.809150 -0.322379 0.260101 0.492424 1.000000
-0.763414 -0.308966 0.285354 0.492424 1.000000
-0.706317 -0.302921 0.310606 0.492424 1.000000
-0.638499 -0.302399 0.335859 0.492424 1.000000
-0.560610 -0.305760 0.361111 0.492424 1.000000
-0.473436 -0.311542 0.386364 0.492424 1.000000
-0.377988 -0.318447 0.411616 0.492424 1.000000
-0.275555 -0.325339 0.436869 0.492424 1.000000
-0.167720 -0.331249 0.462121 0.492424 1.000000
-0.056354 -0.335368 0.487374 0.492424 1.000000
0.056427 -0.337096 0.512626 0.492424 1.000000
0.168338 -0.336150 0.537879 0.492424 1.000000
0.277081 -0.332682 0.563131 0.492424 1.000000
0.380533 -0.327323 0.588384 0.492424 1.000000
0.476891 -0.321113 0.613636 0.492424 1.000000
0.564738 -0.315375 0.638889 0.492424 1.000000
0.643020 -0.311620 0.664141 0.492424 1.000000
0.710961 -0.311489 0.689394 0.492424 1.000000
0.767951 -0.316745 0.714646 0.492424 1.000000
0.813396 -0.329317 0.739899 0.492424 1.000000
0.846556 -0.351353 0.765152 0.492424 1.000000
0.866335 -0.385292 0.790404 0.492424 1.000000
0.871003 -0.433897 0.815657 0.492424 1.000000
0.857818 -0.500163 0.840909 0.492424 1.000000
0.822522 -0.586881 0.866162 0.492424 1.000000
0.758789 -0.695424 0.891414 0.492424 1.000000
0.658064 -0.822994 0.916667 0.492424 1.000000
-0.628451 -0.846513 0.083333 0.484848 1.000000
-0.728523 -0.724827 0.108586 0.484848 1.000000
-0.792939 -0.619161 0.133838 0.484848 1.000000
-0.829335 -0.533143 0.159091 0.484848 1.000000
-0.843640 -0.466190 0.184343 0.484848 1.000000
-0.840004 -0.416069 0.209596 0.484848 1.000000
-0.821191 -0.380142 0.234848 0.484848 1.000000
-0.789015 -0.355870 0.260101 0.484848 1.000000
-0.744684 -0.340968 0.285354 0.484848 1.000000
-0.689057 -0.333414 0.310606 0.484848 1.000000
-0.622839 -0.331421 0.335859 0.484848 1.000000
-0.546740 -0.333393 0.361111 0.484848 1.000000
-0.461585 -0.337907 0.386364 0.484848 1.000000
-0.368405 -0.343704 0.411616 0.484848 1.000000
-0.268482 -0.349684 0.436869 0.484848 1.000000
-0.163370 -0.354914 0.462121 0.484848 1.000000
-0.054881 -0.358624 0.487374 0.484848 1.000000
0.054947 -0.360258 0.512626 0.484848 1.000000
0.163930 -0.359561 0.537879 0.484848 1.000000
0.269876 -0.356688 0.563131 0.484848 1.000000
0.370744 -0.352234 0.588384 0.484848 1.000000
0.464783 -0.347176 0.613636 0.484848 1.000000
0.550587 -0.342777 0.638889 0.484848 1.000000
0.627079 -0.340486 0.664141 0.484848 1.000000
0.693436 -0.341890 0.689394 0.484848 1.000000
0.748982 -0.348707 0.714646 0.484848 1.000000
0.793052 -0.362807 0.739899 0.484848 1.000000
0.824832 -0.386262 0.765152 0.484848 1.000000
0.843156 -0.421383 0.790404 0.484848 1.000000
0.846248 -0.470722 0.815657 0.484848 1.000000
0.831378 -0.536919 0.840909 0.484848 1.000000
0.794431 -0.622207 0.866162 0.484848 1.000000
0.729512 -0.727168 0.891414 0.484848 1.000000
0.629020 -0.848188 0.916667 0.484848 1.000000
-0.600115 -0.869191 0.083333 0.477273 1.000000
-0.699528 -0.754094 0.108586 0.477273 1.000000
-0.764811 -0.652299 0.133838 0.477273 1.000000
-0.802672 -0.568064 0.159091 0.477273 1.000000
-0.818583 -0.501506 0.184343 0.477273 1.000000
-0.816515 -0.450925 0.209596 0.477273 1.000000
-0.799198 -0.414038 0.234848 0.477273 1.000000
-0.768474 -0.388533 0.260101 0.477273 1.000000
-0.725603 -0.372262 0.285354 0.477273 1.000000
-0.671508 -0.363296 0.310606 0.477273 1.000000
-0.606957 -0.359908 0.335859 0.477273 1.000000
-0.532710 -0.360554 0.361111 0.477273 1.000000
-0.449629 -0.363852 0.386364 0.477273 1.000000
-0.358760 -0.368584 0.411616 0.477273 1.000000
-0.261379 -0.373688 0.436869 0.477273 1.000000
-0.159008 -0.378264 0.462121 0.477273 1.000000
-0.053406 -0.381583 0.487374 0.477273 1.000000
0.053465 -0.383126 0.512626 0.477273 1.000000
0.159516 -0.382667 0.537879 0.477273 1.000000
0.262649 -0.380360 0.563131 0.477273 1.000000
0.360905 -0.376767 0.588384 0.477273 1.000000
0.452583 -0.372812 0.613636 0.477273 1.000000
0.536288 -0.369691 0.638889 0.477273 1.000000
0.610924 -0.368796 0.664141 0.477273 1.000000
0.675627 -0.371658 0.689394 0.477273 1.000000
0.729663 -0.379940 0.714646 0.477273 1.000000
0.772302 -0.395449 0.739899 0.477273 1.000000
0.802662 -0.420167 0.765152 0.477273 1.000000
0.819522 -0.456267 0.790404 0.477273 1.000000
0.821076 -0.506079 0.815657 0.477273 1.000000
0.804629 -0.571889 0.840909 0.477273 1.000000
0.766245 -0.655398 0.866162 0.477273 1.000000
0.700484 -0.756492 0.891414 0.477273 1.000000
0.600671 -0.870922 0.916667 0.477273 1.000000
-0.572472 -0.889590 0.083333 0.469697 1.000000
-0.670819 -0.781062 0.108586 0.469697 1.000000
-0.736636 -0.683369 0.133838 0.469697 1.000000
-0.775742 -0.601229 0.159091 0.469697 1.000000
-0.793139 -0.535366 0.184343 0.469697 1.000000
-0.792592 -0.484579 0.209596 0.469697 1.000000
-0.776770 -0.446937 0.234848 0.469697 1.000000
-0.747526 -0.420356 0.260101 0.469697 1.000000
-0.706165 -0.402841 0.285354 0.469697 1.000000
-0.653663 -0.392560 0.310606 0.469697 1.000000
-0.590841 -0.387855 0.335859 0.469697 1.000000
-0.518507 -0.387238 0.361111 0.469697 1.000000
-0.437553 -0.389374 0.386364 0.469697 1.000000
-0.349040 -0.393084 0.411616 0.469697 1.000000
-0.254234 -0.397345 0.436869 0.469697 1.000000
-0.154627 -0.401294 0.462121 0.469697 1.000000
-0.051926 -0.404238 0.487374 0.469697 1.000000
0.051980 -0.405694 0.512626 0.469697 1.000000
0.155087 -0.405462 0.537879 0.469697 1.000000
0.255389 -0.403694 0.563131 0.469697 1.000000
0.351004 -0.400922 0.588384 0.469697 1.000000
0.440275 -0.398017 0.613636 0.469697 1.000000
0.521825 -0.396116 0.638889 0.469697 1.000000
0.594542 -0.396549 0.664141 0.469697 1.000000
0.657526 -0.400790 0.689394 0.469697 1.000000
0.709990 -0.410439 0.714646 0.469697 1.000000
0.751146 -0.427234 0.739899 0.469697 1.000000
0.780055 -0.453057 0.765152 0.469697 1.000000
0.795451 -0.489934 0.790404 0.469697 1.000000
0.795516 -0.539966 0.815657 0.469697 1.000000
0.777613 -0.605091 0.840909 0.469697 1.000000
0.738010 -0.686510 0.866162 0.469697 1.000000
0.671740 -0.783508 0.891414 0.469697 1.000000
0.573012 -0.891372 0.916667 0.469697 1.000000
-0.545514 -0.907873 0.083333 0.462121 1.000000
-0.642424 -0.805840 0.108586 0.462121 1.000000
-0.708453 -0.712425 0.133838 0.462121 1.000000
-0.748583 -0.632656 0.159091 0.462121 1.000000
-0.767337 -0.567769 0.184343 0.462121 1.000000
-0.768252 -0.517021 0.209596 0.462121 1.000000
-0.753916 -0.478825 0.234848 0.462121 1.000000
-0.726177 -0.451329 0.260101 0.462121 1.000000
-0.686369 -0.432695 0.285354 0.462121 1.000000
-0.635514 -0.421198 0.310606 0.462121 1.000000
-0.574482 -0.415258 0.335859 0.462121 1.000000
-0.504118 -0.413442 0.361111 0.462121 1.000000
-0.425346 -0.414469 0.386364 0.462121 1.000000
-0.339233 -0.417201 0.411616 0.462121 1.000000
-0.247037 -0.420654 0.436869 0.462121 1.000000
-0.150220 -0.424001 0.462121 0.462121 1.000000
-0.050438 -0.426586 0.487374 0.462121 1.000000
0.050487 -0.427959 0.512626 0.462121 1.000000
0.150635 -0.427942 0.537879 0.462121 1.000000
0.248086 -0.426686 0.563131 0.462121 1.000000
0.341026 -0.424694 0.588384 0.462121 1.000000
0.427848 -0.422789 0.613636 0.462121 1.000000
0.507188 -0.422049 0.638889 0.462121 1.000000
0.577925 -0.423740 0.664141 0.462121 1.000000
0.639127 -0.429277 0.689394 0.462121 1.000000
0.689961 -0.440194 0.714646 0.462121 1.000000
0.729589 -0.458149 0.739899 0.462121 1.000000
0.757023 -0.484919 0.765152 0.462121 1.000000
0.770963 -0.522375 0.790404 0.462121 1.000000
0.769596 -0.572383 0.815657 0.462121 1.000000
0.750366 -0.636543 0.840909 0.462121 1.000000
0.709767 -0.715601 0.866162 0.462121 1.000000
0.643308 -0.808325 0.891414 0.462121 1.000000
0.546035 -0.909697 0.916667 0.462121 1.000000
-0.519227 -0.924183 0.083333 0.454545 1.000000
-0.614367 -0.828533 0.108586 0.454545 1.000000
-0.680300 -0.739526 0.133838 0.454545 1.000000
-0.721231 -0.662367 0.159091 0.454545 1.000000
-0.741205 -0.598714 0.184343 0.454545 1.000000
-0.743515 -0.548242 0.209596 0.454545 1.000000
-0.730647 -0.509689 0.234848 0.454545 1.000000
-0.704428 -0.481439 0.260101 0.454545 1.000000
-0.666212 -0.461814 0.285354 0.454545 1.000000
-0.617056 -0.449203 0.310606 0.454545 1.000000
-0.557869 -0.442108 0.335859 0.454545 1.000000
-0.489534 -0.439162 0.361111 0.454545 1.000000
-0.412994 -0.439133 0.386364 0.454545 1.000000
-0.329327 -0.440931 0.411616 0.454545 1.000000
-0.239779 -0.443610 0.436869 0.454545 1.000000
-0.145781 -0.446381 0.462121 0.454545 1.000000
-0.048941 -0.448622 0.487374 0.454545 1.000000
0.048985 -0.449915 0.512626 0.454545 1.000000
0.146156 -0.450103 0.537879 0.454545 1.000000
0.240730 -0.449333 0.563131 0.454545 1.000000
0.330962 -0.448083 0.588384 0.454545 1.000000
0.415288 -0.447127 0.613636 0.454545 1.000000
0.492365 -0.447485 0.638889 0.454545 1.000000
0.561063 -0.450364 0.664141 0.454545 1.000000
0.620423 -0.457112 0.689394 0.454545 1.000000
0.669576 -0.469195 0.714646 0.454545 1.000000
0.707635 -0.488183 0.739899 0.454545 1.000000
0.733576 -0.515741 0.765152 0.454545 1.000000
0.746077 -0.553578 0.790404 0.454545 1.000000
0.743345 -0.603329 0.815657 0.454545 1.000000
0.722924 -0.666268 0.840909 0.454545 1.000000
0.681551 -0.742726 0.866162 0.454545 1.000000
0.615212 -0.831048 0.891414 0.454545 1.000000
0.519729 -0.926043 0.916667 0.454545 1.000000
-0.493597 -0.938655 0.083333 0.446970 1.000000
-0.586665 -0.849239 0.108586 0.446970 1.000000
-0.652210 -0.764729 0.133838 0.446970 1.000000
-0.693720 -0.690384 0.159091 0.446970 1.000000
-0.714771 -0.628203 0.184343 0.446970 1.000000
-0.718399 -0.578232 0.209596 0.446970 1.000000
-0.706975 -0.539517 0.234848 0.446970 1.000000
-0.682286 -0.510672 0.260101 0.446970 1.000000
-0.645694 -0.490185 0.285354 0.446970 1.000000
-0.598283 -0.476565 0.310606 0.446970 1.000000
-0.540996 -0.468399 0.335859 0.446970 1.000000
-0.474743 -0.464390 0.361111 0.446970 1.000000
-0.400489 -0.463362 0.386364 0.446970 1.000000
-0.319314 -0.464269 0.411616 0.446970 1.000000
-0.232453 -0.466210 0.436869 0.446970 1.000000
-0.141306 -0.468429 0.462121 0.446970 1.000000
-0.047433 -0.470341 0.487374 0.446970 1.000000
0.047472 -0.471559 0.512626 0.446970 1.000000
0.141643 -0.471940 0.537879 0.446970 1.000000
0.233312 -0.471631 0.563131 0.446970 1.000000
0.320800 -0.471083 0.588384 0.446970 1.000000
0.402586 -0.471025 0.613636 0.446970 1.000000
0.477346 -0.472421 0.638889 0.446970 1.000000
0.543949 -0.476415 0.664141 0.446970 1.000000
0.601412 -0.484288 0.689394 0.446970 1.000000
0.648833 -0.497430 0.714646 0.446970 1.000000
0.685290 -0.517323 0.739899 0.446970 1.000000
0.709727 -0.545510 0.765152 0.446970 1.000000
0.720814 -0.583536 0.790404 0.446970 1.000000
0.716792 -0.632806 0.815657 0.446970 1.000000
0.695322 -0.694288 0.840909 0.446970 1.000000
0.653397 -0.767942 0.866162 0.446970 1.000000
0.587470 -0.851777 0.891414 0.446970 1.000000
0.494078 -0.940542 0.916667 0.446970 1.000000
-0.468608 -0.951409 0.083333 0.439394 1.000000
-0.559334 -0.868056 0.108586 0.439394 1.000000
-0.624213 -0.788089 0.133838 0.439394 1.000000
-0.666082 -0.716731 0.159091 0.439394 1.000000
-0.688063 -0.656239 0.184343 0.439394 1.000000
-0.692927 -0.606982 0.209596 0.439394 1.000000
-0.682911 -0.568294 0.234848 0.439394 1.000000
-0.659755 -0.539013 0.260101 0.439394 1.000000
-0.624814 -0.517796 0.285354 0.439394 1.000000
-0.579191 -0.503272 0.310606 0.439394 1.000000
-0.523854 -0.494123 0.335859 0.439394 1.000000
-0.459738 -0.489121 0.361111 0.439394 1.000000
-0.387820 -0.487149 0.386364 0.439394 1.000000
-0.309185 -0.487212 0.411616 0.439394 1.000000
-0.225050 -0.488449 0.436869 0.439394 1.000000
-0.136788 -0.490143 0.462121 0.439394 1.000000
-0.045912 -0.491742 0.487374 0.439394 1.000000
0.045947 -0.492886 0.512626 0.439394 1.000000
0.137092 -0.493450 0.537879 0.439394 1.000000
0.225826 -0.493576 0.563131 0.439394 1.000000
0.310531 -0.493691 0.588384 0.439394 1.000000
0.389732 -0.494480 0.613636 0.439394 1.000000
0.462124 -0.496852 0.638889 0.439394 1.000000
0.526576 -0.501886 0.664141 0.439394 1.000000
0.582089 -0.510794 0.689394 0.439394 1.000000
0.627734 -0.524889 0.714646 0.439394 1.000000
0.662559 -0.545555 0.739899 0.439394 1.000000
0.685488 -0.574212 0.765152 0.439394 1.000000
0.695193 -0.612239 0.790404 0.439394 1.000000
0.689964 -0.660817 0.815657 0.439394 1.000000
0.667593 -0.720626 0.840909 0.439394 1.000000
0.625336 -0.791306 0.866162 0.439394 1.000000
0.560098 -0.870607 0.891414 0.439394 1.000000
0.469065 -0.953316 0.916667 0.439394 1.000000
-0.444241 -0.962556 0.083333 0.431818 1.000000
-0.532385 -0.885072 0.108586 0.431818 1.000000
-0.596338 -0.809663 0.133838 0.431818 1.000000
-0.638349 -0.741435 0.159091 0.431818 1.000000
-0.661107 -0.682826 0.184343 0.431818 1.000000
-0.667116 -0.634485 0.209596 0.431818 1.000000
-0.658469 -0.596007 0.234848 0.431818 1.000000
-0.636842 -0.566450 0.260101 0.431818 1.000000
-0.603575 -0.544634 0.285354 0.431818 1.000000
-0.559778 -0.529315 0.310606 0.431818 1.000000
-0.506439 -0.519270 0.335859 0.431818 1.000000
-0.444509 -0.513348 0.361111 0.431818 1.000000
-0.374979 -0.510491 0.386364 0.431818 1.000000
-0.298930 -0.509755 0.411616 0.431818 1.000000
-0.217565 -0.510324 0.436869 0.431818 1.000000
-0.132225 -0.511518 0.462121 0.431818 1.000000
-0.044376 -0.512819 0.487374 0.431818 1.000000
0.044408 -0.513893 0.512626 0.431818 1.000000
0.132497 -0.514628 0.537879 0.431818 1.000000
0.218263 -0.515165 0.563131 0.431818 1.000000
0.300147 -0.515903 0.588384 0.431818 1.000000
0.376716 -0.517487 0.613636 0.431818 1.000000
0.446690 -0.520770 0.638889 0.431818 1.000000
0.508938 -0.526768 0.664141 0.431818 1.000000
0.562452 -0.536620 0.689394 0.431818 1.000000
0.606280 -0.551557 0.714646 0.431818 1.000000
0.639450 -0.572864 0.739899 0.431818 1.000000
0.660873 -0.601834 0.765152 0.431818 1.000000
0.669236 -0.639679 0.790404 0.431818 1.000000
0.662890 -0.687365 0.815657 0.431818 1.000000
0.639769 -0.745309 0.840909 0.431818 1.000000
0.597396 -0.812874 0.866162 0.431818 1.000000
0.533106 -0.887627 0.891414 0.431818 1.000000
0.444675 -0.964475 0.916667 0.431818 1.000000
-0.420477 -0.972197 0.083333 0.424242 1.000000
-0.505826 -0.900373 0.108586 0.424242 1.000000
-0.568608 -0.829507 0.133838 0.424242 1.000000
-0.610549 -0.764520 0.159091 0.424242 1.000000
-0.633931 -0.707970 0.184343 0.424242 1.000000
-0.640989 -0.660732 0.209596 0.424242 1.000000
-0.633663 -0.622643 0.234848 0.424242 1.000000
-0.613554 -0.592966 0.260101 0.424242 1.000000
-0.581977 -0.570684 0.285354 0.424242 1.000000
-0.540041 -0.554680 0.310606 0.424242 1.000000
-0.488744 -0.543831 0.335859 0.424242 1.000000
-0.429052 -0.537062 0.361111 0.424242 1.000000
-0.361959 -0.533380 0.386364 0.424242 1.000000
-0.288544 -0.531894 0.411616 0.424242 1.000000
-0.209992 -0.531831 0.436869 0.424242 1.000000
-0.127611 -0.532552 0.462121 0.424242 1.000000
-0.042824 -0.533569 0.487374 0.424242 1.000000
0.042853 -0.534576 0.512626 0.424242 1.000000
0.127854 -0.535472 0.537879 0.424242 1.000000
0.210617 -0.536393 0.563131 0.424242 1.000000
0.289640 -0.537715 0.588384 0.424242 1.000000
0.363532 -0.540042 0.613636 0.424242 1.000000
0.431036 -0.544170 0.638889 0.424242 1.000000
0.491031 -0.551052 0.664141 0.424242 1.000000
0.542498 -0.561755 0.689394 0.424242 1.000000
0.584473 -0.577422 0.714646 0.424242 1.000000
0.615970 -0.599237 0.739899 0.424242 1.000000
0.635897 -0.628363 0.765152 0.424242 1.000000
0.642964 -0.665850 0.790404 0.424242 1.000000
0.635597 -0.712456 0.815657 0.424242 1.000000
0.611879 -0.768362 0.840909 0.424242 1.000000
0.569601 -0.832701 0.866162 0.424242 1.000000
0.506505 -0.902924 0.891414 0.424242 1.000000
0.420887 -0.974120 0.916667 0.424242 1.000000
-0.397297 -0.980422 0.083333 0.416667 1.000000
-0.479663 -0.914039 0.108586 0.416667 1.000000
-0.541047 -0.847675 0.133838 0.416667 1.000000
-0.582712 -0.786015 0.159091 0.416667 1.000000
-0.606562 -0.731676 0.184343 0.416667 1.000000
-0.614566 -0.685718 0.209596 0.416667 1.000000
-0.608506 -0.648190 0.234848 0.416667 1.000000
-0.589900 -0.618546 0.260101 0.416667 1.000000
-0.560023 -0.595932 0.285354 0.416667 1.000000
-0.519977 -0.579355 0.310606 0.416667 1.000000
-0.470765 -0.567794 0.335859 0.416667 1.000000
-0.413357 -0.560255 0.361111 0.416667 1.000000
-0.348752 -0.555810 0.386364 0.416667 1.000000
-0.278018 -0.553623 0.411616 0.416667 1.000000
-0.202323 -0.552967 0.436869 0.416667 1.000000
-0.122943 -0.553241 0.462121 0.416667 1.000000
-0.041255 -0.553991 0.487374 0.416667 1.000000
0.041280 -0.554932 0.512626 0.416667 1.000000
0.123159 -0.555978 0.537879 0.416667 1.000000
0.202882 -0.557257 0.563131 0.416667 1.000000
0.279002 -0.559123 0.588384 0.416667 1.000000
0.350170 -0.562137 0.613636 0.416667 1.000000
0.415156 -0.567044 0.638889 0.416667 1.000000
0.472848 -0.574730 0.664141 0.416667 1.000000
0.522226 -0.586186 0.689394 0.416667 1.000000
0.562317 -0.602470 0.714646 0.416667 1.000000
0.592127 -0.624659 0.739899 0.416667 1.000000
0.610573 -0.653788 0.765152 0.416667 1.000000
0.616398 -0.690744 0.790404 0.416667 1.000000
0.608110 -0.736097 0.815657 0.416667 1.000000
0.583951 -0.789812 0.840909 0.416667 1.000000
0.541974 -0.850842 0.866162 0.416667 1.000000
0.480299 -0.916577 0.891414 0.416667 1.000000
0.397682 -0.982342 0.916667 0.416667 1.000000
-0.374682 -0.987316 0.083333 0.409091 1.000000
-0.453901 -0.926148 0.108586 0.409091 1.000000
-0.513673 -0.864220 0.133838 0.409091 1.000000
-0.554864 -0.805948 0.159091 0.409091 1.000000
-0.579023 -0.753953 0.184343 0.409091 1.000000
-0.587868 -0.709437 0.209596 0.409091 1.000000
-0.583014 -0.672633 0.234848 0.409091 1.000000
-0.565886 -0.643176 0.260101 0.409091 1.000000
-0.537716 -0.620362 0.285354 0.409091 1.000000
-0.499587 -0.603327 0.310606 0.409091 1.000000
-0.452498 -0.591150 0.335859 0.409091 1.000000
-0.397421 -0.582919 0.361111 0.409091 1.000000
-0.335351 -0.577775 0.386364 0.409091 1.000000
-0.267347 -0.574938 0.411616 0.409091 1.000000
-0.194555 -0.573727 0.436869 0.409091 1.000000
-0.118217 -0.573582 0.462121 0.409091 1.000000
-0.039667 -0.574079 0.487374 0.409091 1.000000
0.039689 -0.574958 0.512626 0.409091 1.000000
0.118409 -0.576142 0.537879 0.409091 1.000000
0.195052 -0.577753 0.563131 0.409091 1.000000
0.268227 -0.580121 0.588384 0.409091 1.000000
0.336625 -0.583768 0.613636 0.409091 1.000000
0.399045 -0.589385 0.638889 0.409091 1.000000
0.454387 -0.597791 0.664141 0.409091 1.000000
0.501636 -0.609902 0.689394 0.409091 1.000000
0.539815 -0.626686 0.714646 0.409091 1.000000
0.567932 -0.649115 0.739899 0.409091 1.000000
0.584917 -0.678094 0.765152 0.409091 1.000000
0.589560 -0.714357 0.790404 0.409091 1.000000
0.580457 -0.758295 0.815657 0.409091 1.000000
0.556013 -0.809689 0.840909 0.409091 1.000000
0.514535 -0.867349 0.866162 0.409091 1.000000
0.454494 -0.928663 0.891414 0.409091 1.000000
0.375042 -0.989225 0.916667 0.409091 1.000000
-0.352612 -0.992954 0.083333 0.401515 1.000000
-0.428540 -0.936769 0.108586 0.401515 1.000000
-0.486504 -0.879195 0.133838 0.401515 1.000000
-0.527029 -0.824348 0.159091 0.401515 1.000000
-0.551342 -0.774809 0.184343 0.401515 1.000000
-0.560916 -0.731884 0.209596 0.401515 1.000000
-0.557201 -0.695962 0.234848 0.401515 1.000000
-0.541524 -0.666839 0.260101 0.401515 1.000000
-0.515060 -0.643959 0.285354 0.401515 1.000000
-0.478869 -0.626581 0.310606 0.401515 1.000000
-0.433940 -0.613885 0.335859 0.401515 1.000000
-0.381237 -0.605044 0.361111 0.401515 1.000000
-0.321750 -0.599267 0.386364 0.401515 1.000000
-0.256524 -0.595833 0.411616 0.401515 1.000000
-0.186681 -0.594108 0.436869 0.401515 1.000000
-0.113430 -0.593572 0.462121 0.401515 1.000000
-0.038059 -0.593833 0.487374 0.401515 1.000000
0.038079 -0.594652 0.512626 0.401515 1.000000
0.113600 -0.595961 0.537879 0.401515 1.000000
0.187123 -0.597876 0.563131 0.401515 1.000000
0.257307 -0.600705 0.588384 0.401515 1.000000
0.322889 -0.604928 0.613636 0.401515 1.000000
0.382695 -0.611183 0.638889 0.401515 1.000000
0.435644 -0.620224 0.664141 0.401515 1.000000
0.480727 -0.632890 0.689394 0.401515 1.000000
0.516970 -0.650056 0.714646 0.401515 1.000000
0.543392 -0.672590 0.739899 0.401515 1.000000
0.558946 -0.701271 0.765152 0.401515 1.000000
0.562470 -0.736685 0.790404 0.401515 1.000000
0.552662 -0.779059 0.815657 0.401515 1.000000
0.528090 -0.828021 0.840909 0.401515 1.000000
0.487302 -0.882276 0.866162 0.401515 1.000000
0.429089 -0.939254 0.891414 0.401515 1.000000
0.352947 -0.994845 0.916667 0.401515 1.000000
-0.331069 -0.997405 0.083333 0.393939 1.000000
-0.403580 -0.945971 0.108586 0.393939 1.000000
-0.459557 -0.892651 0.133838 0.393939 1.000000
-0.499231 -0.841244 0.159091 0.393939 1.000000
-0.523542 -0.794256 0.184343 0.393939 1.000000
-0.533730 -0.753056 0.209596 0.393939 1.000000
-0.531084 -0.718164 0.234848 0.393939 1.000000
-0.516822 -0.689521 0.260101 0.393939 1.000000
-0.492060 -0.666708 0.285354 0.393939 1.000000
-0.457825 -0.649102 0.310606 0.393939 1.000000
-0.415086 -0.635987 0.335859 0.393939 1.000000
-0.364800 -0.626620 0.361111 0.393939 1.000000
-0.307944 -0.620280 0.386364 0.393939 1.000000
-0.245544 -0.616303 0.411616 0.393939 1.000000
-0.178698 -0.614106 0.436869 0.393939 1.000000
-0.108579 -0.613208 0.462121 0.393939 1.000000
-0.036431 -0.613249 0.487374 0.393939 1.000000
0.036448 -0.614010 0.512626 0.393939 1.000000
0.108729 -0.615432 0.537879 0.393939 1.000000
0.179088 -0.617624 0.563131 0.393939 1.000000
0.246238 -0.620869 0.588384 0.393939 1.000000
0.308957 -0.625611 0.613636 0.393939 1.000000
0.366104 -0.632431 0.638889 0.393939 1.000000
0.416617 -0.642019 0.664141 0.393939 1.000000
0.459499 -0.655134 0.689394 0.393939 1.000000
0.493789 -0.672565 0.714646 0.393939 1.000000
0.518519 -0.695070 0.739899 0.393939 1.000000
0.532674 -0.723307 0.765152 0.393939 1.000000
0.535151 -0.757723 0.790404 0.393939 1.000000
0.524752 -0.798401 0.815657 0.393939 1.000000
0.500205 -0.844837 0.840909 0.393939 1.000000
0.460291 -0.895673 0.866162 0.393939 1.000000
0.404087 -0.948415 0.891414 0.393939 1.000000
0.331378 -0.999271 0.916667 0.393939 1.000000
-0.310032 -1.000733 0.083333 0.386364 1.000000
-0.379021 -0.953817 0.108586 0.386364 1.000000
-0.432844 -0.904636 0.133838 0.386364 1.000000
-0.471491 -0.856666 0.159091 0.386364 1.000000
-0.495647 -0.812304 0.184343 0.386364 1.000000
-0.506334 -0.772951 0.209596 0.386364 1.000000
-0.504678 -0.739229 0.234848 0.386364 1.000000
-0.491791 -0.711206 0.260101 0.386364 1.000000
-0.468721 -0.688591 0.285354 0.386364 1.000000
-0.436454 -0.670876 0.310606 0.386364 1.000000
-0.395936 -0.657444 0.335859 0.386364 1.000000
-0.348106 -0.647637 0.361111 0.386364 1.000000
-0.293926 -0.640804 0.386364 0.386364 1.000000
-0.234401 -0.636342 0.411616 0.386364 1.000000
-0.170600 -0.633717 0.436869 0.386364 1.000000
-0.103660 -0.632487 0.462121 0.386364 1.000000
-0.034780 -0.632325 0.487374 0.386364 1.000000
0.034795 -0.633030 0.512626 0.386364 1.000000
0.103791 -0.634552 0.537879 0.386364 1.000000
0.170942 -0.636991 0.563131 0.386364 1.000000
0.235012 -0.640609 0.588384 0.386364 1.000000
0.294822 -0.645808 0.613636 0.386364 1.000000
0.349264 -0.653118 0.638889 0.386364 1.000000
0.397302 -0.663162 0.664141 0.386364 1.000000
0.437955 -0.676623 0.689394 0.386364 1.000000
0.470277 -0.694197 0.714646 0.386364 1.000000
0.493324 -0.716540 0.739899 0.386364 1.000000
0.506118 -0.744192 0.765152 0.386364 1.000000
0.507624 -0.777471 0.790404 0.386364 1.000000
0.496749 -0.816331 0.815657 0.386364 1.000000
0.472380 -0.860167 0.840909 0.386364 1.000000
0.433515 -0.907589 0.866162 0.386364 1.000000
0.379486 -0.956211 0.891414 0.386364 1.000000
0.310315 -1.002565 0.916667 0.386364 1.000000
-0.289483 -1.002996 0.083333 0.378788 1.000000
-0.354860 -0.960365 0.108586 0.378788 1.000000
-0.406378 -0.915198 0.133838 0.378788 1.000000
-0.443832 -0.870644 0.159091 0.378788 1.000000
-0.467680 -0.828966 0.184343 0.378788 1.000000
-0.478746 -0.791567 0.209596 0.378788 1.000000
-0.478000 -0.759145 0.234848 0.378788 1.000000
-0.466442 -0.731880 0.260101 0.378788 1.000000
-0.445048 -0.709593 0.285354 0.378788 1.000000
-0.414757 -0.691888 0.310606 0.378788 1.000000
-0.376486 -0.678243 0.335859 0.378788 1.000000
-0.331151 -0.668084 0.361111 0.378788 1.000000
-0.279691 -0.660833 0.386364 0.378788 1.000000
-0.223089 -0.655945 0.411616 0.378788 1.000000
-0.162383 -0.652937 0.436869 0.378788 1.000000
-0.098671 -0.651408 0.462121 0.378788 1.000000
-0.033105 -0.651058 0.487374 0.378788 1.000000
0.033119 -0.651711 0.512626 0.378788 1.000000
0.098785 -0.653318 0.537879 0.378788 1.000000
0.162682 -0.655975 0.563131 0.378788 1.000000
0.223625 -0.659918 0.588384 0.378788 1.000000
0.280479 -0.665512 0.613636 0.378788 1.000000
0.332173 -0.673234 0.638889 0.378788 1.000000
0.377697 -0.683642 0.664141 0.378788 1.000000
0.416094 -0.697340 0.689394 0.378788 1.000000
0.446439 -0.714936 0.714646 0.378788 1.000000
0.467817 -0.736985 0.739899 0.378788 1.000000
0.479296 -0.763915 0.765152 0.378788 1.000000
0.479911 -0.795926 0.790404 0.378788 1.000000
0.468677 -0.832862 0.815657 0.378788 1.000000
0.444638 -0.874041 0.840909 0.378788 1.000000
0.406988 -0.918071 0.866162 0.378788 1.000000
0.355283 -0.962701 0.891414 0.378788 1.000000
0.289742 -1.004787 0.916667 0.378788 1.000000
-0.269405 -1.004244 0.083333 0.371212 1.000000
-0.331094 -0.965672 0.108586 0.371212 1.000000
-0.380169 -0.924384 0.133838 0.371212 1.000000
-0.416270 -0.883208 0.159091 0.371212 1.000000
-0.439664 -0.844255 0.184343 0.371212 1.000000
-0.450989 -0.808903 0.209596 0.371212 1.000000
-0.451067 -0.777904 0.234848 0.371212 1.000000
-0.440787 -0.751526 0.260101 0.371212 1.000000
-0.421049 -0.729697 0.285354 0.371212 1.000000
-0.392738 -0.712121 0.310606 0.371212 1.000000
-0.356736 -0.698369 0.335859 0.371212 1.000000
-0.313930 -0.687950 0.361111 0.371212 1.000000
-0.265235 -0.680358 0.386364 0.371212 1.000000
-0.211604 -0.675106 0.411616 0.371212 1.000000
-0.154043 -0.671762 0.436869 0.371212 1.000000
-0.093608 -0.669966 0.462121 0.371212 1.000000
-0.031407 -0.669448 0.487374 0.371212 1.000000
0.031418 -0.670048 0.512626 0.371212 1.000000
0.093707 -0.671727 0.537879 0.371212 1.000000
0.154301 -0.674571 0.563131 0.371212 1.000000
0.212070 -0.678791 0.588384 0.371212 1.000000
0.265923 -0.684716 0.613636 0.371212 1.000000
0.314827 -0.692770 0.638889 0.371212 1.000000
0.357802 -0.703445 0.664141 0.371212 1.000000
0.393920 -0.717271 0.689394 0.371212 1.000000
0.422283 -0.734768 0.714646 0.371212 1.000000
0.442012 -0.756392 0.739899 0.371212 1.000000
0.452224 -0.782467 0.765152 0.371212 1.000000
0.452032 -0.813089 0.790404 0.371212 1.000000
0.440559 -0.848008 0.815657 0.371212 1.000000
0.416996 -0.886490 0.840909 0.371212 1.000000
0.380719 -0.927167 0.866162 0.371212 1.000000
0.331476 -0.967940 0.891414 0.371212 1.000000
0.269640 -1.005988 0.916667 0.371212 1.000000
-0.249781 -1.004528 0.083333 0.363636 1.000000
-0.307718 -0.969790 0.108586 0.363636 1.000000
-0.354226 -0.932238 0.133838 0.363636 1.000000
-0.388826 -0.894388 0.159091 0.363636 1.000000
-0.411620 -0.858185 0.184343 0.363636 1.000000
-0.423083 -0.824961 0.209596 0.363636 1.000000
-0.423896 -0.795495 0.234848 0.363636 1.000000
-0.414838 -0.770131 0.260101 0.363636 1.000000
-0.396729 -0.748886 0.285354 0.363636 1.000000
-0.370398 -0.731558 0.310606 0.363636 1.000000
-0.336684 -0.717808 0.335859 0.363636 1.000000
-0.296441 -0.707224 0.361111 0.363636 1.000000
-0.250552 -0.699369 0.386364 0.363636 1.000000
-0.199940 -0.693819 0.411616 0.363636 1.000000
-0.145574 -0.690189 0.436869 0.363636 1.000000
-0.088469 -0.688159 0.462121 0.363636 1.000000
-0.029683 -0.687491 0.487374 0.363636 1.000000
0.029693 -0.688042 0.512626 0.363636 1.000000
0.088554 -0.689777 0.537879 0.363636 1.000000
0.145797 -0.692775 0.563131 0.363636 1.000000
0.200342 -0.697223 0.588384 0.363636 1.000000
0.251148 -0.703412 0.613636 0.363636 1.000000
0.297220 -0.711714 0.638889 0.363636 1.000000
0.337615 -0.722559 0.664141 0.363636 1.000000
0.371434 -0.736401 0.689394 0.363636 1.000000
0.397816 -0.753675 0.714646 0.363636 1.000000
0.415920 -0.774746 0.739899 0.363636 1.000000
0.424921 -0.799840 0.765152 0.363636 1.000000
0.424010 -0.828960 0.790404 0.363636 1.000000
0.412417 -0.861783 0.815657 0.363636 1.000000
0.389473 -0.897543 0.840909 0.363636 1.000000
0.354717 -0.934921 0.866162 0.363636 1.000000
0.308060 -0.971981 0.891414 0.363636 1.000000
0.249991 -1.006216 0.916667 0.363636 1.000000
-0.230593 -1.003890 0.083333 0.356061 1.000000
-0.284727 -0.972767 0.108586 0.356061 1.000000
-0.328556 -0.938803 0.133838 0.356061 1.000000
-0.361514 -0.904214 0.159091 0.356061 1.000000
-0.383569 -0.870772 0.184343 0.356061 1.000000
-0.395048 -0.839741 0.209596 0.356061 1.000000
-0.396504 -0.811912 0.234848 0.356061 1.000000
-0.388608 -0.787680 0.260101 0.356061 1.000000
-0.372097 -0.767144 0.285354 0.356061 1.000000
-0.347740 -0.750184 0.310606 0.356061 1.000000
-0.316329 -0.736546 0.335859 0.356061 1.000000
-0.278678 -0.725893 0.361111 0.356061 1.000000
-0.235638 -0.717859 0.386364 0.356061 1.000000
-0.188093 -0.712077 0.411616 0.356061 1.000000
-0.136973 -0.708213 0.436869 0.356061 1.000000
-0.083250 -0.705986 0.462121 0.356061 1.000000
-0.027933 -0.705186 0.487374 0.356061 1.000000
0.027941 -0.705689 0.512626 0.356061 1.000000
0.083322 -0.707465 0.537879 0.356061 1.000000
0.137163 -0.710582 0.563131 0.356061 1.000000
0.188437 -0.715206 0.588384 0.356061 1.000000
0.236150 -0.721589 0.613636 0.356061 1.000000
0.279350 -0.730054 0.638889 0.356061 1.000000
0.317134 -0.740968 0.664141 0.356061 1.000000
0.348640 -0.754713 0.689394 0.356061 1.000000
0.373045 -0.771642 0.714646 0.356061 1.000000
0.389554 -0.792034 0.739899 0.356061 1.000000
0.397404 -0.816026 0.765152 0.356061 1.000000
0.395865 -0.843542 0.790404 0.356061 1.000000
0.384272 -0.874202 0.815657 0.356061 1.000000
0.362087 -0.907231 0.840909 0.356061 1.000000
0.328992 -0.941375 0.866162 0.356061 1.000000
0.285031 -0.974873 0.891414 0.356061 1.000000
0.230780 -1.005515 0.916667 0.356061 1.000000
-0.211826 -1.002371 0.083333 0.348485 1.000000
-0.262118 -0.974649 0.108586 0.348485 1.000000
-0.303166 -0.944120 0.133838 0.348485 1.000000
-0.334352 -0.912717 0.159091 0.348485 1.000000
-0.355531 -0.882031 0.184343 0.348485 1.000000
-0.366906 -0.853247 0.209596 0.348485 1.000000
-0.368909 -0.827145 0.234848 0.348485 1.000000
-0.362109 -0.804160 0.260101 0.348485 1.000000
-0.347161 -0.784453 0.285354 0.348485 1.000000
-0.324768 -0.767981 0.310606 0.348485 1.000000
-0.295670 -0.754566 0.335859 0.348485 1.000000
-0.260641 -0.743945 0.361111 0.348485 1.000000
-0.220488 -0.735817 0.386364 0.348485 1.000000
-0.176057 -0.729873 0.411616 0.348485 1.000000
-0.128235 -0.725829 0.436869 0.348485 1.000000
-0.077949 -0.723443 0.462121 0.348485 1.000000
-0.026155 -0.722532 0.487374 0.348485 1.000000
0.026162 -0.722989 0.512626 0.348485 1.000000
0.078009 -0.724788 0.537879 0.348485 1.000000
0.128396 -0.727989 0.563131 0.348485 1.000000
0.176348 -0.732735 0.588384 0.348485 1.000000
0.220922 -0.739240 0.613636 0.348485 1.000000
0.261214 -0.747779 0.638889 0.348485 1.000000
0.296360 -0.758659 0.664141 0.348485 1.000000
0.325542 -0.772191 0.689394 0.348485 1.000000
0.347978 -0.788653 0.714646 0.348485 1.000000
0.362929 -0.808242 0.739899 0.348485 1.000000
0.369691 -0.831017 0.765152 0.348485 1.000000
0.367617 -0.856837 0.790404 0.348485 1.000000
0.356145 -0.885282 0.815657 0.348485 1.000000
0.334853 -0.915584 0.840909 0.348485 1.000000
0.303549 -0.946571 0.866162 0.348485 1.000000
0.262385 -0.976660 0.891414 0.348485 1.000000
0.211990 -1.003926 0.916667 0.348485 1.000000
-0.193464 -1.000007 0.083333 0.340909 1.000000
-0.239882 -0.975479 0.108586 0.340909 1.000000
-0.278062 -0.948230 0.133838 0.340909 1.000000
-0.307352 -0.919925 0.159091 0.340909 1.000000
-0.327525 -0.891979 0.184343 0.340909 1.000000
-0.338677 -0.865482 0.209596 0.340909 1.000000
-0.341129 -0.841189 0.234848 0.340909 1.000000
-0.335356 -0.819557 0.260101 0.340909 1.000000
-0.321929 -0.800797 0.285354 0.340909 1.000000
-0.301486 -0.784932 0.310606 0.340909 1.000000
-0.274709 -0.771853 0.335859 0.340909 1.000000
-0.242325 -0.761367 0.361111 0.340909 1.000000
-0.205097 -0.753234 0.386364 0.340909 1.000000
-0.163827 -0.747202 0.411616 0.340909 1.000000
-0.119356 -0.743035 0.436869 0.340909 1.000000
-0.072562 -0.740528 0.462121 0.340909 1.000000
-0.024349 -0.739527 0.487374 0.340909 1.000000
0.024355 -0.739939 0.512626 0.340909 1.000000
0.072612 -0.741744 0.537879 0.340909 1.000000
0.119490 -0.744992 0.563131 0.340909 1.000000
0.164071 -0.749802 0.588384 0.340909 1.000000
0.205462 -0.756355 0.613636 0.340909 1.000000
0.242808 -0.764877 0.638889 0.340909 1.000000
0.275293 -0.775617 0.664141 0.340909 1.000000
0.302142 -0.788820 0.689394 0.340909 1.000000
0.322626 -0.804692 0.714646 0.340909 1.000000
0.336057 -0.823358 0.739899 0.340909 1.000000
0.341800 -0.844809 0.765152 0.340909 1.000000
0.339288 -0.868850 0.790404 0.340909 1.000000
0.328055 -0.895039 0.815657 0.340909 1.000000
0.307786 -0.922632 0.840909 0.340909 1.000000
0.278393 -0.950549 0.866162 0.340909 1.000000
0.240114 -0.977387 0.891414 0.340909 1.000000
0.193607 -1.001485 0.916667 0.340909 1.000000
-0.175492 -0.996832 0.083333 0.333333 1.000000
-0.218016 -0.975297 0.108586 0.333333 1.000000
-0.253248 -0.951169 0.133838 0.333333 1.000000
-0.280529 -0.925868 0.159091 0.333333 1.000000
-0.299571 -0.900633 0.184343 0.333333 1.000000
-0.310379 -0.876450 0.209596 0.333333 1.000000
-0.313182 -0.854037 0.234848 0.333333 1.000000
-0.308363 -0.833857 0.260101 0.333333 1.000000
-0.296411 -0.816159 0.285354 0.333333 1.000000
-0.277897 -0.801019 0.310606 0.333333 1.000000
-0.253445 -0.788391 0.335859 0.333333 1.000000
-0.223728 -0.778144 0.361111 0.333333 1.000000
-0.189461 -0.770098 0.386364 0.333333 1.000000
-0.151398 -0.764056 0.411616 0.333333 1.000000
-0.110332 -0.759826 0.436869 0.333333 1.000000
-0.067086 -0.757239 0.462121 0.333333 1.000000
-0.022513 -0.756169 0.487374 0.333333 1.000000
0.022518 -0.756539 0.512626 0.333333 1.000000
0.067128 -0.758331 0.537879 0.333333 1.000000
0.110442 -0.761586 0.563131 0.333333 1.000000
0.151599 -0.766401 0.588384 0.333333 1.000000
0.189763 -0.772923 0.613636 0.333333 1.000000
0.224129 -0.781333 0.638889 0.333333 1.000000
0.253931 -0.791825 0.664141 0.333333 1.000000
0.278447 -0.804582 0.689394 0.333333 1.000000
0.296996 -0.819744 0.714646 0.333333 1.000000
0.308953 -0.837369 0.739899 0.333333 1.000000
0.313750 -0.857395 0.765152 0.333333 1.000000
0.310898 -0.879586 0.790404 0.333333 1.000000
0.300021 -0.903491 0.815657 0.333333 1.000000
0.280898 -0.928404 0.840909 0.333333 1.000000
0.253531 -0.953348 0.866162 0.333333 1.000000
0.218214 -0.977092 0.891414 0.333333 1.000000
0.175615 -0.998225 0.916667 0.333333 1.000000
-0.157897 -0.992877 0.083333 0.325758 1.000000
-0.196512 -0.974140 0.108586 0.325758 1.000000
-0.228727 -0.952976 0.133838 0.325758 1.000000
-0.253895 -0.930576 0.159091 0.325758 1.000000
-0.271685 -0.908010 0.184343 0.325758 1.000000
-0.282034 -0.886158 0.209596 0.325758 1.000000
-0.285087 -0.865685 0.234848 0.325758 1.000000
-0.281143 -0.847050 0.260101 0.325758 1.000000
-0.270617 -0.830522 0.285354 0.325758 1.000000
-0.254007 -0.816225 0.310606 0.325758 1.000000
-0.231878 -0.804163 0.335859 0.325758 1.000000
-0.204847 -0.794263 0.361111 0.325758 1.000000
-0.173575 -0.786400 0.386364 0.325758 1.000000
-0.138765 -0.780428 0.411616 0.325758 1.000000
-0.101157 -0.776196 0.436869 0.325758 1.000000
-0.061519 -0.773573 0.462121 0.325758 1.000000
-0.020646 -0.772457 0.487374 0.325758 1.000000
0.020650 -0.772787 0.512626 0.325758 1.000000
0.061553 -0.774545 0.537879 0.325758 1.000000
0.101246 -0.777766 0.563131 0.325758 1.000000
0.138929 -0.782524 0.588384 0.325758 1.000000
0.173821 -0.788935 0.613636 0.325758 1.000000
0.205175 -0.797135 0.638889 0.325758 1.000000
0.232277 -0.807268 0.664141 0.325758 1.000000
0.254460 -0.819460 0.689394 0.325758 1.000000
0.271100 -0.833791 0.714646 0.325758 1.000000
0.281633 -0.850265 0.739899 0.325758 1.000000
0.285559 -0.868772 0.765152 0.325758 1.000000
0.282467 -0.889050 0.790404 0.325758 1.000000
0.272061 -0.910655 0.815657 0.325758 1.000000
0.254204 -0.932929 0.840909 0.325758 1.000000
0.228965 -0.955003 0.866162 0.325758 1.000000
0.196679 -0.975814 0.891414 0.325758 1.000000
0.158000 -0.994179 0.916667 0.325758 1.000000
-0.140665 -0.988170 0.083333 0.318182 1.000000
-0.175365 -0.972043 0.108586 0.318182 1.000000
-0.204503 -0.953684 0.133838 0.318182 1.000000
-0.227460 -0.934076 0.159091 0.318182 1.000000
-0.243885 -0.914129 0.184343 0.318182 1.000000
-0.253660 -0.894611 0.209596 0.318182 1.000000
-0.256861 -0.876129 0.234848 0.318182 1.000000
-0.253713 -0.859121 0.260101 0.318182 1.000000
-0.244556 -0.843870 0.285354 0.318182 1.000000
-0.229822 -0.830531 0.310606 0.318182 1.000000
-0.210011 -0.819152 0.335859 0.318182 1.000000
-0.185680 -0.809709 0.361111 0.318182 1.000000
-0.157435 -0.802129 0.386364 0.318182 1.000000
-0.125924 -0.796309 0.411616 0.318182 1.000000
-0.091827 -0.792142 0.436869 0.318182 1.000000
-0.055857 -0.789529 0.462121 0.318182 1.000000
-0.018748 -0.788391 0.487374 0.318182 1.000000
0.018751 -0.788681 0.512626 0.318182 1.000000
0.055883 -0.790386 0.537879 0.318182 1.000000
0.091898 -0.793528 0.563131 0.318182 1.000000
0.126054 -0.798164 0.588384 0.318182 1.000000
0.157632 -0.804379 0.613636 0.318182 1.000000
0.185942 -0.812268 0.638889 0.318182 1.000000
0.210331 -0.821929 0.664141 0.318182 1.000000
0.230187 -0.833436 0.689394 0.318182 1.000000
0.244947 -0.846818 0.714646 0.318182 1.000000
0.254110 -0.862033 0.739899 0.318182 1.000000
0.257245 -0.878935 0.765152 0.318182 1.000000
0.254014 -0.897250 0.790404 0.318182 1.000000
0.244193 -0.916550 0.815657 0.318182 1.000000
0.227714 -0.936237 0.840909 0.318182 1.000000
0.204699 -0.955550 0.866162 0.318182 1.000000
0.175502 -0.973588 0.891414 0.318182 1.000000
0.140750 -0.989374 0.916667 0.318182 1.000000
-0.123783 -0.982738 0.083333 0.310606 1.000000
-0.154567 -0.969040 0.108586 0.310606 1.000000
-0.180577 -0.953327 0.133838 0.310606 1.000000
-0.201236 -0.936397 0.159091 0.310606 1.000000
-0.216187 -0.919008 0.184343 0.310606 1.000000
-0.225277 -0.901817 0.209596 0.310606 1.000000
-0.228524 -0.885366 0.234848 0.310606 1.000000
-0.226087 -0.870061 0.260101 0.310606 1.000000
-0.218240 -0.856187 0.285354 0.310606 1.000000
-0.205347 -0.843918 0.310606 0.310606 1.000000
-0.187843 -0.833339 0.335859 0.310606 1.000000
-0.166225 -0.824467 0.361111 0.310606 1.000000
-0.141037 -0.817271 0.386364 0.310606 1.000000
-0.112867 -0.811692 0.411616 0.310606 1.000000
-0.082337 -0.807659 0.436869 0.310606 1.000000
-0.050096 -0.805104 0.462121 0.310606 1.000000
-0.016816 -0.803969 0.487374 0.310606 1.000000
0.016818 -0.804221 0.512626 0.310606 1.000000
0.050117 -0.805849 0.537879 0.310606 1.000000
0.082392 -0.808867 0.563131 0.310606 1.000000
0.112968 -0.813313 0.588384 0.310606 1.000000
0.141190 -0.819243 0.613636 0.310606 1.000000
0.166430 -0.826718 0.638889 0.310606 1.000000
0.188094 -0.835791 0.664141 0.310606 1.000000
0.205634 -0.846494 0.689394 0.310606 1.000000
0.218549 -0.858811 0.714646 0.310606 1.000000
0.226402 -0.872663 0.739899 0.310606 1.000000
0.228829 -0.887883 0.765152 0.310606 1.000000
0.225558 -0.904193 0.790404 0.310606 1.000000
0.216433 -0.921194 0.815657 0.310606 1.000000
0.201440 -0.938355 0.840909 0.310606 1.000000
0.180734 -0.955022 0.866162 0.310606 1.000000
0.154677 -0.970447 0.891414 0.310606 1.000000
0.123852 -0.983836 0.916667 0.310606 1.000000
-0.107240 -0.976605 0.083333 0.303030 1.000000
-0.134112 -0.965162 0.108586 0.303030 1.000000
-0.156952 -0.951937 0.133838 0.303030 1.000000
-0.175232 -0.937567 0.159091 0.303030 1.000000
-0.188607 -0.922665 0.184343 0.303030 1.000000
-0.196902 -0.907785 0.209596 0.303030 1.000000
-0.200092 -0.893392 0.234848 0.303030 1.000000
-0.198281 -0.879858 0.260101 0.303030 1.000000
-0.191680 -0.867456 0.285354 0.303030 1.000000
-0.180588 -0.856369 0.310606 0.303030 1.000000
-0.165377 -0.846708 0.335859 0.303030 1.000000
-0.146479 -0.838521 0.361111 0.303030 1.000000
-0.124376 -0.831816 0.386364 0.303030 1.000000
-0.099591 -0.826569 0.411616 0.303030 1.000000
-0.072682 -0.822742 0.436869 0.303030 1.000000
-0.044233 -0.820295 0.462121 0.303030 1.000000
-0.014850 -0.819191 0.487374 0.303030 1.000000
0.014852 -0.819407 0.512626 0.303030 1.000000
0.044249 -0.820933 0.537879 0.303030 1.000000
0.072723 -0.823778 0.563131 0.303030 1.000000
0.099667 -0.827962 0.588384 0.303030 1.000000
0.124491 -0.833516 0.613636 0.303030 1.000000
0.146634 -0.840468 0.638889 0.303030 1.000000
0.165568 -0.848837 0.664141 0.303030 1.000000
0.180807 -0.858615 0.689394 0.303030 1.000000
0.191916 -0.869753 0.714646 0.303030 1.000000
0.198523 -0.882146 0.739899 0.303030 1.000000
0.200327 -0.895613 0.765152 0.303030 1.000000
0.197119 -0.909889 0.790404 0.303030 1.000000
0.188798 -0.924608 0.815657 0.303030 1.000000
0.175390 -0.939312 0.840909 0.303030 1.000000
0.157074 -0.953452 0.866162 0.303030 1.000000
0.134198 -0.966422 0.891414 0.303030 1.000000
0.107293 -0.977590 0.916667 0.303030 1.000000
-0.091023 -0.969792 0.083333 0.295455 1.000000
-0.113994 -0.960436 0.108586 0.295455 1.000000
-0.133627 -0.949545 0.133838 0.295455 1.000000
-0.149456 -0.937612 0.159091 0.295455 1.000000
-0.161159 -0.925121 0.184343 0.295455 1.000000
-0.168554 -0.912522 0.209596 0.295455 1.000000
-0.171586 -0.900208 0.234848 0.295455 1.000000
-0.170312 -0.888503 0.260101 0.295455 1.000000
-0.164889 -0.877661 0.285354 0.295455 1.000000
-0.155554 -0.867864 0.310606 0.295455 1.000000
-0.142616 -0.859238 0.335859 0.295455 1.000000
-0.126442 -0.851854 0.361111 0.295455 1.000000
-0.107447 -0.845749 0.386364 0.295455 1.000000
-0.086089 -0.840929 0.411616 0.295455 1.000000
-0.062857 -0.837386 0.436869 0.295455 1.000000
-0.038265 -0.835100 0.462121 0.295455 1.000000
-0.012848 -0.834055 0.487374 0.295455 1.000000
0.012849 -0.834236 0.512626 0.295455 1.000000
0.038276 -0.835636 0.537879 0.295455 1.000000
0.062887 -0.838256 0.563131 0.295455 1.000000
0.086144 -0.842103 0.588384 0.295455 1.000000
0.107531 -0.847185 0.613636 0.295455 1.000000
0.126554 -0.853504 0.638889 0.295455 1.000000
0.142755 -0.861048 0.664141 0.295455 1.000000
0.155713 -0.869781 0.689394 0.295455 1.000000
0.165061 -0.879629 0.714646 0.295455 1.000000
0.170490 -0.890471 0.739899 0.295455 1.000000
0.171759 -0.902126 0.765152 0.295455 1.000000
0.168715 -0.914346 0.790404 0.295455 1.000000
0.161301 -0.926811 0.815657 0.295455 1.000000
0.149574 -0.939134 0.840909 0.295455 1.000000
0.133718 -0.950871 0.866162 0.295455 1.000000
0.114058 -0.961541 0.891414 0.295455 1.000000
0.091063 -0.970658 0.916667 0.295455 1.000000
-0.075122 -0.962321 0.083333 0.287879 1.000000
-0.094206 -0.954890 0.108586 0.287879 1.000000
-0.110604 -0.946181 0.133838 0.287879 1.000000
-0.123917 -0.936559 0.159091 0.287879 1.000000
-0.133859 -0.926394 0.184343 0.287879 1.000000
-0.140251 -0.916038 0.209596 0.287879 1.000000
-0.143023 -0.905812 0.234848 0.287879 1.000000
-0.142196 -0.895987 0.260101 0.287879 1.000000
-0.137877 -0.886786 0.285354 0.287879 1.000000
-0.130250 -0.878385 0.310606 0.287879 1.000000
-0.119561 -0.870910 0.335859 0.287879 1.000000
-0.106110 -0.864449 0.361111 0.287879 1.000000
-0.090247 -0.859058 0.386364 0.287879 1.000000
-0.072356 -0.854765 0.411616 0.287879 1.000000
-0.052856 -0.851585 0.436869 0.287879 1.000000
-0.032187 -0.849518 0.462121 0.287879 1.000000
-0.010809 -0.848561 0.487374 0.287879 1.000000
0.010810 -0.848708 0.512626 0.287879 1.000000
0.032195 -0.849955 0.537879 0.287879 1.000000
0.052876 -0.852295 0.563131 0.287879 1.000000
0.072394 -0.855726 0.588384 0.287879 1.000000
0.090304 -0.860236 0.613636 0.287879 1.000000
0.106188 -0.865807 0.638889 0.287879 1.000000
0.119656 -0.872406 0.664141 0.287879 1.000000
0.130360 -0.879975 0.689394 0.287879 1.000000
0.137997 -0.888425 0.714646 0.287879 1.000000
0.142319 -0.897631 0.739899 0.287879 1.000000
0.143144 -0.907421 0.765152 0.287879 1.000000
0.140364 -0.917574 0.790404 0.287879 1.000000
0.133958 -0.927822 0.815657 0.287879 1.000000
0.124000 -0.937849 0.840909 0.287879 1.000000
0.110668 -0.947307 0.866162 0.287879 1.000000
0.094252 -0.955831 0.891414 0.287879 1.000000
0.075150 -0.963060 0.916667 0.287879 1.000000
-0.059526 -0.954210 0.083333 0.280303 1.000000
-0.074742 -0.948550 0.108586 0.280303 1.000000
-0.087882 -0.941871 0.133838 0.280303 1.000000
-0.098622 -0.934433 0.159091 0.280303 1.000000
-0.106718 -0.926503 0.184343 0.280303 1.000000
-0.112011 -0.918345 0.209596 0.280303 1.000000
-0.114422 -0.910204 0.234848 0.280303 1.000000
-0.113949 -0.902299 0.260101 0.280303 1.000000
-0.110660 -0.894817 0.285354 0.280303 1.000000
-0.104686 -0.887912 0.310606 0.280303 1.000000
-0.096215 -0.881706 0.335859 0.280303 1.000000
-0.085484 -0.876289 0.361111 0.280303 1.000000
-0.072770 -0.871727 0.386364 0.280303 1.000000
-0.058386 -0.868067 0.411616 0.280303 1.000000
-0.042673 -0.865334 0.436869 0.280303 1.000000
-0.025995 -0.863546 0.462121 0.280303 1.000000
-0.008731 -0.862709 0.487374 0.280303 1.000000
0.008731 -0.862824 0.512626 0.280303 1.000000
0.026000 -0.863887 0.537879 0.280303 1.000000
0.042686 -0.865891 0.563131 0.280303 1.000000
0.058409 -0.868820 0.588384 0.280303 1.000000
0.072806 -0.872655 0.613636 0.280303 1.000000
0.085532 -0.877361 0.638889 0.280303 1.000000
0.096276 -0.882891 0.664141 0.280303 1.000000
0.104756 -0.889177 0.689394 0.280303 1.000000
0.110736 -0.896126 0.714646 0.280303 1.000000
0.114028 -0.903618 0.739899 0.280303 1.000000
0.114499 -0.911499 0.765152 0.280303 1.000000
0.112083 -0.919586 0.790404 0.280303 1.000000
0.106782 -0.927661 0.815657 0.280303 1.000000
0.098675 -0.935482 0.840909 0.280303 1.000000
0.087924 -0.942790 0.866162 0.280303 1.000000
0.074772 -0.949320 0.891414 0.280303 1.000000
0.059544 -0.954815 0.916667 0.280303 1.000000
-0.044225 -0.945477 0.083333 0.272727 1.000000
-0.055596 -0.941440 0.108586 0.272727 1.000000
-0.065462 -0.936644 0.133838 0.272727 1.000000
-0.073577 -0.931260 0.159091 0.272727 1.000000
-0.079750 -0.925469 0.184343 0.272727 1.000000
-0.083849 -0.919453 0.209596 0.272727 1.000000
-0.085801 -0.913387 0.234848 0.272727 1.000000
-0.085588 -0.907434 0.260101 0.272727 1.000000
-0.083249 -0.901739 0.285354 0.272727 1.000000
-0.078869 -0.896427 0.310606 0.272727 1.000000
-0.072582 -0.891604 0.335859 0.272727 1.000000
-0.064560 -0.887354 0.361111 0.272727 1.000000
-0.055011 -0.883743 0.386364 0.272727 1.000000
-0.044171 -0.880822 0.411616 0.272727 1.000000
-0.032303 -0.878627 0.436869 0.272727 1.000000
-0.019686 -0.877180 0.462121 0.272727 1.000000
-0.006613 -0.876497 0.487374 0.272727 1.000000
0.006613 -0.876581 0.512626 0.272727 1.000000
0.019688 -0.877431 0.537879 0.272727 1.000000
0.032310 -0.879036 0.563131 0.272727 1.000000
0.044184 -0.881377 0.588384 0.272727 1.000000
0.055031 -0.884427 0.613636 0.272727 1.000000
0.064587 -0.888147 0.638889 0.272727 1.000000
0.072616 -0.892484 0.664141 0.272727 1.000000
0.078908 -0.897369 0.689394 0.272727 1.000000
0.083292 -0.902718 0.714646 0.272727 1.000000
0.085633 -0.908424 0.739899 0.272727 1.000000
0.085845 -0.914363 0.765152 0.272727 1.000000
0.083890 -0.920392 0.790404 0.272727 1.000000
0.079786 -0.926348 0.815657 0.272727 1.000000
0.073607 -0.932059 0.840909 0.272727 1.000000
0.065486 -0.937346 0.866162 0.272727 1.000000
0.055613 -0.942029 0.891414 0.272727 1.000000
0.044235 -0.945942 0.916667 0.272727 1.000000
-0.029209 -0.936138 0.083333 0.265152 1.000000
-0.036761 -0.933581 0.108586 0.265152 1.000000
-0.043342 -0.930524 0.133838 0.265152 1.000000
-0.048788 -0.927065 0.159091 0.265152 1.000000
-0.052967 -0.923311 0.184343 0.265152 1.000000
-0.055783 -0.919374 0.209596 0.265152 1.000000
-0.057178 -0.915362 0.234848 0.265152 1.000000
-0.057132 -0.911383 0.260101 0.265152 1.000000
-0.055659 -0.907536 0.285354 0.265152 1.000000
-0.052809 -0.903910 0.310606 0.265152 1.000000
-0.048666 -0.900583 0.335859 0.265152 1.000000
-0.043339 -0.897624 0.361111 0.265152 1.000000
-0.036966 -0.895089 0.386364 0.265152 1.000000
-0.029707 -0.893022 0.411616 0.265152 1.000000
-0.021739 -0.891457 0.436869 0.265152 1.000000
-0.013253 -0.890420 0.462121 0.265152 1.000000
-0.004453 -0.889925 0.487374 0.265152 1.000000
0.004453 -0.889980 0.512626 0.265152 1.000000
0.013254 -0.890583 0.537879 0.265152 1.000000
0.021742 -0.891724 0.563131 0.265152 1.000000
0.029713 -0.893384 0.588384 0.265152 1.000000
0.036975 -0.895537 0.613636 0.265152 1.000000
0.043351 -0.898146 0.638889 0.265152 1.000000
0.048681 -0.901164 0.664141 0.265152 1.000000
0.052827 -0.904533 0.689394 0.265152 1.000000
0.055678 -0.908186 0.714646 0.265152 1.000000
0.057151 -0.912044 0.739899 0.265152 1.000000
0.057198 -0.916016 0.765152 0.265152 1.000000
0.055801 -0.920004 0.790404 0.265152 1.000000
0.052983 -0.923904 0.815657 0.265152 1.000000
0.048801 -0.927606 0.840909 0.265152 1.000000
0.043353 -0.931000 0.866162 0.265152 1.000000
0.036769 -0.933982 0.891414 0.265152 1.000000
0.029214 -0.936455 0.916667 0.265152 1.000000
-0.014471 -0.926209 0.083333 0.257576 1.000000
-0.018231 -0.924995 0.108586 0.257576 1.000000
-0.021522 -0.923536 0.133838 0.257576 1.000000
-0.024261 -0.921871 0.159091 0.257576 1.000000
-0.026380 -0.920049 0.184343 0.257576 1.000000
-0.027828 -0.918119 0.209596 0.257576 1.000000
-0.028572 -0.916133 0.234848 0.257576 1.000000
-0.028596 -0.914141 0.260101 0.257576 1.000000
-0.027904 -0.912195 0.285354 0.257576 1.000000
-0.026516 -0.910341 0.310606 0.257576 1.000000
-0.024470 -0.908624 0.335859 0.257576 1.000000
-0.021819 -0.907081 0.361111 0.257576 1.000000
-0.018631 -0.905748 0.386364 0.257576 1.000000
-0.014986 -0.904653 0.411616 0.257576 1.000000
-0.010973 -0.903818 0.436869 0.257576 1.000000
-0.006693 -0.903261 0.462121 0.257576 1.000000
-0.002249 -0.902994 0.487374 0.257576 1.000000
0.002249 -0.903021 0.512626 0.257576 1.000000
0.006693 -0.903341 0.537879 0.257576 1.000000
0.010974 -0.903949 0.563131 0.257576 1.000000
0.014987 -0.904830 0.588384 0.257576 1.000000
0.018633 -0.905968 0.613636 0.257576 1.000000
0.021822 -0.907338 0.638889 0.257576 1.000000
0.024474 -0.908911 0.664141 0.257576 1.000000
0.026521 -0.910651 0.689394 0.257576 1.000000
0.027909 -0.912519 0.714646 0.257576 1.000000
0.028601 -0.914471 0.739899 0.257576 1.000000
0.028577 -0.916461 0.765152 0.257576 1.000000
0.027833 -0.918437 0.790404 0.257576 1.000000
0.026384 -0.920349 0.815657 0.257576 1.000000
0.024264 -0.922145 0.840909 0.257576 1.000000
0.021525 -0.923778 0.866162 0.257576 1.000000
0.018233 -0.925200 0.891414 0.257576 1.000000
0.014472 -0.926371 0.916667 0.257576 1.000000
0.000000 -0.915703 0.083333 0.250000 1.000000
0.000000 -0.915703 0.108586 0.250000 1.000000
0.000000 -0.915703 0.133838 0.250000 1.000000
0.000000 -0.915703 0.159091 0.250000 1.000000
0.000000 -0.915703 0.184343 0.250000 1.000000
0.000000 -0.915703 0.209596 0.250000 1.000000
0.000000 -0.915703 0.234848 0.250000 1.000000
0.000000 -0.915703 0.260101 0.250000 1.000000
0.000000 -0.915703 0.285354 0.250000 1.000000
0.000000 -0.915703 0.310606 0.250000 1.000000
0.000000 -0.915703 0.335859 0.250000 1.000000
0.000000 -0.915703 0.361111 0.250000 1.000000
0.000000 -0.915703 0.386364 0.250000 1.000000
0.000000 -0.915703 0.411616 0.250000 1.000000
0.000000 -0.915703 0.436869 0.250000 1.000000
0.000000 -0.915703 0.462121 0.250000 1.000000
0.000000 -0.915703 0.487374 0.250000 1.000000
0.000000 -0.915703 0.512626 0.250000 1.000000
0.000000 -0.915703 0.537879 0.250000 1.000000
0.000000 -0.915703 0.563131 0.250000 1.000000
0.000000 -0.915703 0.588384 0.250000 1.000000
0.000000 -0.915703 0.613636 0.250000 1.000000
0.000000 -0.915703 0.638889 0.250000 1.000000
0.000000 -0.915703 0.664141 0.250000 1.000000
0.000000 -0.915703 0.689394 0.250000 1.000000
0.000000 -0.915703 0.714646 0.250000 1.000000
0.000000 -0.915703 0.739899 0.250000 1.000000
0.000000 -0.915703 0.765152 0.250000 1.000000
0.000000 -0.915703 0.790404 0.250000 1.000000
0.000000 -0.915703 0.815657 0.250000 1.000000
0.000000 -0.915703 0.840909 0.250000 1.000000
0.000000 -0.915703 0.866162 0.250000 1.000000
0.000000 -0.915703 0.891414 0.250000 1.000000
0.000000 -0.915703 0.916667 0.250000 1.000000
